600173
603628
002813
002813
600698
603630
603630
002575
300605
300598
603668
600939
600939
600537
600083
002652
600131
600131
601212
601212
600961
600961
600961
603819
300420
600889
300160
000628
603311
603311
002853
603578
603300
603966
600822
600822
600679
300578
002552
300417
002395
603665
300617
300535
002825
603955
300625
300625
300597
300597
300376
300376
002851
002851
002842
002828
002828
002810
002810
002806
002660
002580
002558
002425
002346
002346
002323
002300
002300
002272
002265
002246
000912
000912
000780
000672
000672
000635
000573
000561
000536
000017
603908
603886
603886
603859
603823
603636
603389
603033
603022
603022
601882
600828
600712
600712
600592
600592
600353
600113
600084
600084
300613
002852
002852
603330
300619
300619
603822
603218
002735
300603
002824
002824
300593
300592
600148
002728
300475
300402
300402
300402
300398
603839
002651
002651
300620
002767
300487
300487
300599
300304
002105
002105
600605
603716
300076
300076
603036
603800
600502
600984
603336
603615
603615
603690
300609
300609
603088
000595
002670
002670
600379
603398
000927
000927
