300128
002813
600802
603630
603630
600939
600083
600083
002347
002629
601212
600961
300420
600889
603311
603300
603966
600822
600679
603665
300535
300625
300597
300591
300561
300376
002851
002842
002828
002810
002806
002634
002346
002300
000791
000690
000690
000672
000514
000017
603823
603823
603636
603033
603022
600592
600084
002852
300619
603726
002824
300593
002795
002795
600148
300402
300402
300487
300599
002105
300076
600249
603615
300609
300609
603088
000595
002670
600379
600379
603838
603838
002209
300163
300163
300163
300163
002129
002129
002129
002129
