300232
300128
300008
600173
300260
002469
600838
600370
002813
600698
300210
603630
603878
601168
600781
300605
300034
600345
300598
002578
600966
603668
002058
300040
603579
603688
600939
300259
600997
603208
600975
600078
000752
600083
603806
601678
002347
603337
600131
601212
601212
600389
600961
600961
603819
300420
002327
000993
601038
603123
603017
600723
600889
300160
000628
603311
603311
002046
600128
600285
002700
603300
601798
603966
600822
600822
600679
600679
002322
300578
002552
600658
002395
002210
603665
603665
300535
300125
603898
603955
300625
300615
300597
300597
300576
300376
300323
300132
300046
300035
002851
002851
002842
002828
002827
002810
002674
002660
002628
002603
002589
002580
002561
002558
002549
002479
002478
002384
002346
002300
002300
002265
002246
002216
002182
002150
000912
000825
000791
000758
000690
000672
000637
000597
000589
000561
000548
000531
000415
000407
000400
000017
603908
603886
603886
603823
603033
603022
601898
601882
601188
601015
601007
600883
600810
600712
600618
600592
600592
600548
600509
600487
600311
600190
600113
600084
600035
300613
002852
002852
300619
300619
603218
300603
002824
002824
300593
002795
300592
603040
600148
002728
603989
603928
002138
300402
300402
002835
300398
002085
002039
002419
603839
600338
002846
002832
600258
600305
600356
300590
002651
300620
000906
300487
300487
300599
300599
002105
002105
300651
600605
300076
603036
601208
000933
603615
603615
600759
002159
603690
002287
600979
600267
300172
600272
300609
300609
603088
603088
000595
002670
000929
600379
000159
600250
300106
603838
600337
002209
000927
603991
603333
300490
300478
300163
300089
002571
002399
002358
002134
002129
002013
000953
000301
603601
